# Camera list with one line of data per camera:
#   CAMERA_ID, MODEL, WIDTH, HEIGHT, PARAMS[]
# Number of cameras: 135
1 SIMPLE_RADIAL 478 850 694.02039346827041 239 425 -0.0054234317324049659
2 SIMPLE_RADIAL 478 850 697.7928266375643 239 425 -0.028302093817770102
3 SIMPLE_RADIAL 478 850 692.94976534476802 239 425 -0.01631747949731667
4 SIMPLE_RADIAL 478 850 690.52686303455641 239 425 -0.012509984113069117
5 SIMPLE_RADIAL 478 850 689.40359829097713 239 425 -0.0048914412840309531
6 SIMPLE_RADIAL 478 850 690.51854085300181 239 425 -0.0062062910518427801
7 SIMPLE_RADIAL 478 850 690.08008808562374 239 425 -0.0052251611697210166
8 SIMPLE_RADIAL 478 850 691.72795683532922 239 425 -0.0090234985713707107
9 SIMPLE_RADIAL 478 850 690.93844022401504 239 425 -0.0072630533374656945
10 SIMPLE_RADIAL 478 850 690.75058886770569 239 425 -0.005160986854382401
11 SIMPLE_RADIAL 478 850 689.47343592682921 239 425 0.0015125152645343233
12 SIMPLE_RADIAL 478 850 693.44454583288223 239 425 -0.0053451843900688819
13 SIMPLE_RADIAL 478 850 691.38714584261243 239 425 -0.0055844473201346013
14 SIMPLE_RADIAL 478 850 690.72095636733422 239 425 0.0022442412545456291
15 SIMPLE_RADIAL 478 850 692.97566358391293 239 425 -0.002540199448042462
16 SIMPLE_RADIAL 478 850 694.37379156132738 239 425 -0.0045608890474217734
17 SIMPLE_RADIAL 478 850 696.07035155150845 239 425 -0.0067268670416237861
18 SIMPLE_RADIAL 478 850 697.63296685548369 239 425 -0.011571071158800761
19 SIMPLE_RADIAL 478 850 698.47540739528279 239 425 -0.011202330427181698
20 SIMPLE_RADIAL 478 850 692.06514397545504 239 425 0.0040581164237617606
21 SIMPLE_RADIAL 478 850 696.49475553257378 239 425 -0.0035632621957021465
22 SIMPLE_RADIAL 478 850 697.02269698753901 239 425 -0.0079619192040619249
23 SIMPLE_RADIAL 478 850 697.6529398756029 239 425 -0.0099311733719035806
24 SIMPLE_RADIAL 478 850 696.71250143377836 239 425 -0.0046819308451550926
25 SIMPLE_RADIAL 478 850 695.26505623530886 239 425 -0.0026087322507450722
26 SIMPLE_RADIAL 478 850 694.68977788100779 239 425 -0.0016739819941241937
27 SIMPLE_RADIAL 478 850 692.49530439608714 239 425 0.0038120306188346872
28 SIMPLE_RADIAL 478 850 692.89504646130843 239 425 0.001981888591647538
29 SIMPLE_RADIAL 478 850 691.85405552051088 239 425 0.0055069923858017114
30 SIMPLE_RADIAL 478 850 693.57346240419395 239 425 0.0036933023444570578
31 SIMPLE_RADIAL 478 850 695.50704786652545 239 425 -0.0022318329646606057
32 SIMPLE_RADIAL 478 850 696.35046533571506 239 425 -0.0063193338303885165
33 SIMPLE_RADIAL 478 850 694.63595484441794 239 425 -0.0021068986399895972
34 SIMPLE_RADIAL 478 850 694.60135865333018 239 425 0.00018789268064468593
35 SIMPLE_RADIAL 478 850 693.09964768300847 239 425 0.0053449152223395344
36 SIMPLE_RADIAL 478 850 692.90591501893937 239 425 0.0052319481336447074
37 SIMPLE_RADIAL 478 850 689.30489807898903 239 425 0.012963123442780859
38 SIMPLE_RADIAL 478 850 688.44644232725079 239 425 0.013414577007398292
39 SIMPLE_RADIAL 478 850 687.58345712256096 239 425 0.014311559541996781
40 SIMPLE_RADIAL 478 850 690.04510551156136 239 425 0.0050628763679745293
41 SIMPLE_RADIAL 478 850 690.04532867454566 239 425 0.003856391674320558
42 SIMPLE_RADIAL 478 850 690.21585747828806 239 425 0.0046359941967353512
43 SIMPLE_RADIAL 478 850 689.3747801438418 239 425 0.0037704679613717387
44 SIMPLE_RADIAL 478 850 690.26732633352822 239 425 0.0011068563440252597
45 SIMPLE_RADIAL 478 850 688.86992178362198 239 425 0.0044204581231604622
46 SIMPLE_RADIAL 478 850 688.66873154420057 239 425 0.0083435257027925699
47 SIMPLE_RADIAL 478 850 690.18108544412621 239 425 -0.0010457160453115186
48 SIMPLE_RADIAL 478 850 691.50907281434695 239 425 0.0021911716126107885
49 SIMPLE_RADIAL 478 850 690.05752447374755 239 425 0.0025249286562659496
50 SIMPLE_RADIAL 478 850 689.24307548831507 239 425 0.0011365164598201966
51 SIMPLE_RADIAL 478 850 688.69640883342436 239 425 0.0070977631033529772
52 SIMPLE_RADIAL 478 850 692.39969221375611 239 425 0.00047311730830231749
53 SIMPLE_RADIAL 478 850 694.28935674936326 239 425 -0.0017105464377233258
54 SIMPLE_RADIAL 478 850 691.34224745853749 239 425 0.0031163577283356927
55 SIMPLE_RADIAL 478 850 691.11635691342951 239 425 0.0023232580787666949
56 SIMPLE_RADIAL 478 850 689.73852278496804 239 425 0.0021682613793137647
57 SIMPLE_RADIAL 478 850 692.66382385405905 239 425 -0.0051300817181738961
58 SIMPLE_RADIAL 478 850 693.5898085257503 239 425 -0.0081507142432399125
59 SIMPLE_RADIAL 478 850 691.51910189467094 239 425 0.0017255592908911499
60 SIMPLE_RADIAL 478 850 692.65763973491892 239 425 0.00041964982545810142
61 SIMPLE_RADIAL 478 850 691.74742912247632 239 425 0.0019852644801648493
62 SIMPLE_RADIAL 478 850 691.71360456106788 239 425 0.0020751964489076412
63 SIMPLE_RADIAL 478 850 693.73602857677326 239 425 0.0025762775869026871
64 SIMPLE_RADIAL 478 850 692.81819202331315 239 425 0.0072522596089073703
65 SIMPLE_RADIAL 478 850 696.41827068318923 239 425 0.0060540119124063794
66 SIMPLE_RADIAL 478 850 696.86093254969842 239 425 0.0046694236673491115
67 SIMPLE_RADIAL 478 850 701.58345603181294 239 425 -0.0066251305550850698
68 SIMPLE_RADIAL 478 850 700.37204105166495 239 425 0.00045031241093143181
69 SIMPLE_RADIAL 478 850 699.94746488984777 239 425 0.0026658821941268947
70 SIMPLE_RADIAL 478 850 697.38326186605809 239 425 0.0044855194921002237
71 SIMPLE_RADIAL 478 850 696.72505983516862 239 425 0.0051780234725609126
72 SIMPLE_RADIAL 478 850 694.68272752589871 239 425 0.0001534300087665428
73 SIMPLE_RADIAL 478 850 695.79140337135766 239 425 -0.0079919465752204839
74 SIMPLE_RADIAL 478 850 697.0047356901739 239 425 -0.013772629163554999
75 SIMPLE_RADIAL 478 850 697.23158094786891 239 425 -0.011575389446662211
76 SIMPLE_RADIAL 478 850 695.57265985681784 239 425 -0.012558162004630618
77 SIMPLE_RADIAL 478 850 693.65065965752672 239 425 -0.012660959604850228
78 SIMPLE_RADIAL 478 850 694.36517187653544 239 425 -0.011864751907120705
79 SIMPLE_RADIAL 478 850 696.36021219143322 239 425 -0.016207952786597958
80 SIMPLE_RADIAL 478 850 695.25487422718084 239 425 -0.012614824400848202
81 SIMPLE_RADIAL 478 850 698.31228282432608 239 425 -0.016759960197689643
82 SIMPLE_RADIAL 478 850 692.78426208819269 239 425 -0.0080334324360179545
83 SIMPLE_RADIAL 478 850 695.25997530842687 239 425 -0.011124159055829858
84 SIMPLE_RADIAL 478 850 692.30413845337807 239 425 -0.0033996025394361236
85 SIMPLE_RADIAL 478 850 692.41846461842135 239 425 -0.0037015703764663559
86 SIMPLE_RADIAL 478 850 691.41912413232455 239 425 0.0022066414711645848
87 SIMPLE_RADIAL 478 850 693.72792968033309 239 425 -0.0041763689001317848
88 SIMPLE_RADIAL 478 850 690.08555694678489 239 425 -0.00099444556901578506
89 SIMPLE_RADIAL 478 850 689.03799220328176 239 425 -0.00027555865219746603
90 SIMPLE_RADIAL 478 850 694.24008515303296 239 425 -0.011079008946610066
91 SIMPLE_RADIAL 478 850 693.35165240180118 239 425 -0.0054297567306858616
92 SIMPLE_RADIAL 478 850 689.97210541624361 239 425 -0.00034805970867862182
93 SIMPLE_RADIAL 478 850 691.26220901263014 239 425 -0.0015466830179880031
94 SIMPLE_RADIAL 478 850 688.31221976124652 239 425 0.0077611659798819555
95 SIMPLE_RADIAL 478 850 696.79671542522181 239 425 -0.020042111933087987
96 SIMPLE_RADIAL 478 850 693.51237719644223 239 425 -0.010248063554240001
97 SIMPLE_RADIAL 478 850 697.99176617487603 239 425 -0.026648052971187917
98 SIMPLE_RADIAL 478 850 695.07030749897626 239 425 -0.015759600670277759
99 SIMPLE_RADIAL 478 850 693.67309835465426 239 425 -0.016331517748704671
100 SIMPLE_RADIAL 478 850 693.51894727554134 239 425 -0.009178576090012238
101 SIMPLE_RADIAL 478 850 694.1001034477689 239 425 -0.012831132325112854
102 SIMPLE_RADIAL 478 850 694.01791389174991 239 425 -0.013508589273406441
103 SIMPLE_RADIAL 478 850 693.33520370480062 239 425 -0.0070526105106065084
104 SIMPLE_RADIAL 478 850 690.16700810646432 239 425 -0.0062045004921233143
105 SIMPLE_RADIAL 478 850 694.48376894810497 239 425 -0.016039761818383357
106 SIMPLE_RADIAL 478 850 693.55507384635325 239 425 -0.012869511087270741
107 SIMPLE_RADIAL 478 850 691.451432330702 239 425 0.0023241197683780274
108 SIMPLE_RADIAL 478 850 691.42531122883724 239 425 -0.0017298288275788582
109 SIMPLE_RADIAL 478 850 691.15587573650953 239 425 -0.0020185450270250142
110 SIMPLE_RADIAL 478 850 690.82769653771788 239 425 0.0055585512446577759
111 SIMPLE_RADIAL 478 850 693.73857822506545 239 425 -0.0060008417686401921
112 SIMPLE_RADIAL 478 850 693.41287441622342 239 425 -0.0085115134854916157
113 SIMPLE_RADIAL 478 850 696.97002642858035 239 425 -0.01700579711139602
114 SIMPLE_RADIAL 478 850 692.37787732332788 239 425 -0.0051052786634289303
115 SIMPLE_RADIAL 478 850 694.99556770899585 239 425 -0.020124657055402454
116 SIMPLE_RADIAL 478 850 692.2740075233296 239 425 -0.0013483984382819789
117 SIMPLE_RADIAL 478 850 688.84873649180713 239 425 0.00686049671166574
118 SIMPLE_RADIAL 478 850 689.71617673060666 239 425 0.0041822401616517253
119 SIMPLE_RADIAL 478 850 685.44052173383363 239 425 0.012438055355602584
120 SIMPLE_RADIAL 478 850 686.96608510949693 239 425 0.010870943999973638
121 SIMPLE_RADIAL 478 850 690.76587600338178 239 425 0.0024419010661832453
122 SIMPLE_RADIAL 478 850 692.67565605420725 239 425 -0.011025823491378303
123 SIMPLE_RADIAL 478 850 694.49197023393072 239 425 -0.0090567114311296826
124 SIMPLE_RADIAL 478 850 688.70941726469277 239 425 0.0080307225858299389
125 SIMPLE_RADIAL 478 850 686.63229501482806 239 425 0.0095733623320466647
126 SIMPLE_RADIAL 478 850 688.19076623164301 239 425 0.007057759427922786
127 SIMPLE_RADIAL 478 850 689.05994339228016 239 425 0.0064176757488743621
128 SIMPLE_RADIAL 478 850 687.66596633172583 239 425 0.010203730212641695
129 SIMPLE_RADIAL 478 850 687.71157120949499 239 425 0.010984963189627099
130 SIMPLE_RADIAL 478 850 690.87587274667999 239 425 0.0058437710867388533
131 SIMPLE_RADIAL 478 850 693.74933148720072 239 425 -0.0017980704380692327
132 SIMPLE_RADIAL 478 850 693.47247574035987 239 425 -0.0015869551499406052
133 SIMPLE_RADIAL 478 850 692.46020679359322 239 425 -0.00046933747931314506
134 SIMPLE_RADIAL 478 850 689.70648667779915 239 425 0.0099186878788531298
135 SIMPLE_RADIAL 478 850 688.12105236110506 239 425 0.012251034608313038
