# Frame list with one line of data per frame:
#   FRAME_ID, RIG_ID, RIG_FROM_WORLD[QW, QX, QY, QZ, TX, TY, TZ], NUM_DATA_IDS, DATA_IDS[] as (SENSOR_TYPE, SENSOR_ID, DATA_ID)
# Number of frames: 135
1 1 0.98271579708678802 -0.016839078445314421 0.17321637090561118 0.06310464676615643 0.042346148173037772 -2.0488826443594395 3.8494646312775362 1 CAMERA 1 1
2 2 0.98439708888370381 -0.017736585352849766 0.16422457675108953 0.060647121351604105 0.015243690923789088 -2.0345902776520428 3.8737540151979295 1 CAMERA 2 2
3 3 0.98651652313992322 -0.018664863359816587 0.15203337122059499 0.057642228296428795 -0.0093253748121090458 -2.0213718529362494 3.8168341574348017 1 CAMERA 3 3
4 4 0.9882037559855168 -0.019040825332557281 0.14201168404674516 0.054069078233125428 0.0099799844504638632 -2.001962263293886 3.7756439000966853 1 CAMERA 4 4
5 5 0.98956475606439709 -0.019867506317296075 0.13370752959349921 0.049891605285319857 0.080633934787940328 -1.9884464003329512 3.7307677115741957 1 CAMERA 5 5
6 6 0.99072921989411677 -0.020169413473382247 0.1267455129034987 0.044546409136580437 0.098476161254406655 -1.9637949923010971 3.7172923523075916 1 CAMERA 6 6
7 7 0.99205855801801401 -0.020235460384067608 0.11762456035151357 0.039683830565819901 0.084220441326721379 -1.9257778105157277 3.6280283924082442 1 CAMERA 7 7
8 8 0.99319302782362662 -0.020712236833564598 0.10944718723806703 0.034057685381759462 0.15808920778647179 -1.8492436713135472 3.4409777270575663 1 CAMERA 8 8
9 9 0.9946098871034702 -0.018903872031099649 0.097769048669357136 0.028896872158471205 0.20308877353890875 -1.7539822587283778 3.2924009358550199 1 CAMERA 9 9
10 10 0.99622656156238665 -0.014151547420806817 0.082097153257403535 0.024339867916886262 0.21176821803671522 -1.6916015811852601 3.1844043725097402 1 CAMERA 10 10
11 11 0.99787603375162792 -0.0067166165569802231 0.062129012084707488 0.018392775307845232 0.23846094043474014 -1.6822484230402137 3.0156101047401691 1 CAMERA 11 11
12 12 0.99916173519582274 -0.0015175061508127484 0.039166363302015242 0.011811861887508168 0.32941130478999903 -1.6171530543950259 2.8778745742254794 1 CAMERA 12 12
13 13 0.99986893384667308 0.0036231892939351602 0.015413152629083143 0.003379697277916675 0.39021583531523124 -1.5762683082976112 2.7332034397482796 1 CAMERA 13 13
14 14 0.99995498742299993 0.0074661080893634142 -0.0045586242729333155 -0.0036741397094368819 0.42501290810205833 -1.5660945626139526 2.6642951613798691 1 CAMERA 14 14
15 15 0.99974075674551244 0.010141318777479341 -0.018412472868500288 -0.0087495027418995463 0.43479182027861379 -1.5550245186287506 2.6136813549630062 1 CAMERA 15 15
16 16 0.99946316272256275 0.012259121564676068 -0.027746394869416841 -0.012378928500683417 0.43453712887217272 -1.5394576765722066 2.541606103403474 1 CAMERA 16 16
17 17 0.99919581313713368 0.014496705499503678 -0.033715350847545539 -0.016150778808153739 0.49220878097301679 -1.4966731707216772 2.4375625989850276 1 CAMERA 17 17
18 18 0.99888954714212064 0.017881694205248412 -0.038448003185531827 -0.020534572642366501 0.58529331054065326 -1.43669993055568 2.302467604723593 1 CAMERA 18 18
19 19 0.9981625475396142 0.025719189614080609 -0.047851984340254304 -0.026837279473200214 0.64476413167169777 -1.3818280861041914 2.1813773043514844 1 CAMERA 19 19
20 20 0.99636243815134184 0.035995910682944991 -0.066779271486581235 -0.038816428930806134 0.65318006393886963 -1.3955408253928638 2.0401302244349697 1 CAMERA 20 20
21 21 0.99291921625626234 0.046666470240739777 -0.095464115818479051 -0.053106243844919743 0.63633755631282951 -1.3901777753918549 1.9654001446771103 1 CAMERA 21 21
22 22 0.98760726126324561 0.055189233825992674 -0.13033591456348312 -0.067812943784440263 0.69612328406132817 -1.3537087269929409 1.9371682398886922 1 CAMERA 22 22
23 23 0.9817117236631151 0.063734260885840957 -0.15953230731866219 -0.082033398889202899 0.79239085032055234 -1.3487775375938931 1.9784543120528297 1 CAMERA 23 23
24 24 0.97654390702590699 0.071222354006886257 -0.17934824624838028 -0.095517435622639368 0.88109288266969732 -1.3797173958114686 2.0135489771881874 1 CAMERA 24 24
25 25 0.9717024398563856 0.078160769181562187 -0.19404520967346223 -0.10968919336414258 0.91795006054448713 -1.41288947508336 2.0434082670071421 1 CAMERA 25 25
26 26 0.96549409120036722 0.084220324755657425 -0.2108191212452046 -0.12760640607989973 0.93206868210251803 -1.4704318984914351 2.0122450820628686 1 CAMERA 26 26
27 27 0.9574389912270046 0.088970074066233543 -0.2319275261126495 -0.14698478366868781 0.99084371894633161 -1.5210865501476947 1.966412295624907 1 CAMERA 27 27
28 28 0.94701164193458309 0.091662646966430755 -0.25653344423582147 -0.17016903707778128 1.024726414771828 -1.5779506681106692 2.0084035794867727 1 CAMERA 28 28
29 29 0.93411770756410628 0.093087501587012525 -0.28427740537258489 -0.19479523161026754 0.96487360595163774 -1.6414909799911979 2.084138904476021 1 CAMERA 29 29
30 30 0.91852160564509211 0.095191895125316298 -0.31694054745091127 -0.21634521590996494 0.94130846996871687 -1.7164265289708487 2.1758971322675706 1 CAMERA 30 30
31 31 0.9019897564540641 0.10043492165859097 -0.35009328429673686 -0.23186633661162437 1.0212462839988763 -1.8085257099075116 2.3207254456763189 1 CAMERA 31 31
32 32 0.8853150006977023 0.1058137441127573 -0.38143629143409663 -0.24398187775625899 1.0843466343235999 -1.9175103501385502 2.4551372373879201 1 CAMERA 32 32
33 33 0.86975159559723858 0.10921169696339869 -0.40665954676488875 -0.25735768927196978 1.0996245399611426 -2.0197591778273356 2.5669685016199284 1 CAMERA 33 33
34 34 0.85332478734939532 0.1098485126607335 -0.43072199886010315 -0.27248609369891064 1.0966412445303366 -2.1035955479683799 2.585342028919313 1 CAMERA 34 34
35 35 0.83181679367087824 0.10518043462198887 -0.45639494307423939 -0.29786163545527478 1.081181291708839 -2.1471725034249274 2.6238082432851275 1 CAMERA 35 35
36 36 0.80727779492683249 0.10063013204862394 -0.48449602406367048 -0.32162049220850808 0.96138217196101527 -2.1951354179441931 2.7460808151444702 1 CAMERA 36 36
37 37 0.78409683389943541 0.09854084161445141 -0.51132756528426804 -0.33767732909281845 0.92530474871304291 -2.2622934745831631 2.879060289685857 1 CAMERA 37 37
38 38 0.76125911158597048 0.098656458141130901 -0.5373004478438117 -0.3493704295460992 0.94042322503433573 -2.3685828156951749 3.0755791349686605 1 CAMERA 38 38
39 39 0.73958563509866648 0.10025631458597312 -0.56064589018763955 -0.35866132431173814 0.85380184933748815 -2.4388328291933403 3.2378678992337395 1 CAMERA 39 39
40 40 0.72392495769118681 0.098459360041275631 -0.57633385048321295 -0.36616622296338214 0.81535924914205216 -2.5120551004550253 3.3555804635711763 1 CAMERA 40 40
41 41 0.71089578659124342 0.094519839543333484 -0.58760910478004968 -0.37471151639509082 0.76662687150068154 -2.5470603316628311 3.3878791742999601 1 CAMERA 41 41
42 42 0.69681573773393368 0.090016681827395278 -0.59892308057777177 -0.38423426212446404 0.71195318358403226 -2.5621319222817505 3.3414441619611037 1 CAMERA 42 42
43 43 0.68059438892340274 0.088648227620011219 -0.61212576668019425 -0.39272740580712606 0.71746581549739485 -2.5377832654100709 3.2903224376870255 1 CAMERA 43 43
44 44 0.65970740435467323 0.085359487065266262 -0.62727465206586197 -0.40500174009901013 0.65965823446098437 -2.5207775147441911 3.2958713378098099 1 CAMERA 44 44
45 45 0.63434762494960439 0.080674818801780415 -0.64383871268980075 -0.42019802043088716 0.48052318380821163 -2.5153995722563711 3.3162306854433052 1 CAMERA 45 45
46 46 0.60362366549307001 0.079778694921667906 -0.66402648103597606 -0.43398463426287848 0.35857208453627942 -2.554049412792232 3.3771554461790223 1 CAMERA 46 46
47 47 0.57308391224643607 0.081613411744492215 -0.68284839380948303 -0.44568167072424286 0.34830671755014736 -2.5987316263766145 3.433052988387717 1 CAMERA 47 47
48 48 0.5444631443013086 0.082836743690558337 -0.69964661537512185 -0.45518410779201596 0.33700488975324067 -2.6696008860625922 3.5017102467022627 1 CAMERA 48 48
49 49 0.52048254660065019 0.082109937235380487 -0.71296342533654666 -0.46264352478304782 0.30808873773713252 -2.6828095637607223 3.5197254234416784 1 CAMERA 49 49
50 50 0.50054481449995092 0.080074196435550832 -0.72330570953052409 -0.46890496084276567 0.29490628826410009 -2.6641842994138378 3.4631709907961876 1 CAMERA 50 50
51 51 -0.48305887642667872 -0.07745782442793693 0.7316838975647143 0.47465048339256366 0.35056009070077732 -2.6603837803323351 3.4001576764234822 1 CAMERA 51 51
52 52 -0.4646768651297179 -0.075797459243830731 0.74044722880298797 0.47965410197701158 0.33520350264562443 -2.6020236137302462 3.4026091714558184 1 CAMERA 52 52
53 53 -0.44105092962965681 -0.070509197907757504 0.75020079289171993 0.48754620378775904 0.17988368285832232 -2.5751514796250823 3.4013998225190405 1 CAMERA 53 53
54 54 -0.41439112971492437 -0.066492415187967946 0.76058682846915104 0.49534475539294642 0.13431709459717117 -2.5744742015931177 3.3996945627950179 1 CAMERA 54 54
55 55 -0.38736185992601568 -0.066299407272499916 0.77140226698330994 0.50049347704339087 0.19092001858402075 -2.5715941213719691 3.439469607901215 1 CAMERA 55 55
56 56 -0.36064651539427689 -0.066832844973523584 0.78135025737566999 0.50493488398573216 0.25644187851015476 -2.6132420813088699 3.4972416495155043 1 CAMERA 56 56
57 57 -0.33235571990386981 -0.069871869904282763 0.79145031915749575 0.50819680198596051 0.2167376504812045 -2.6546529662765601 3.5606980135513884 1 CAMERA 57 57
58 58 -0.30478145525977179 -0.074196329036124248 0.79998683828409611 0.51149215816033244 0.067918481584054294 -2.6608090213424984 3.5325333383439537 1 CAMERA 58 58
59 59 -0.28122704033521528 -0.076941792800357692 0.80580333331868004 0.51543408920779232 -0.028770486722842062 -2.6534751338079561 3.4557382801867726 1 CAMERA 59 59
60 60 -0.26028734211852783 -0.078471829067206303 0.81030721222567859 0.51912897568019545 -0.045647436289301402 -2.6409520741212518 3.3864937605283023 1 CAMERA 60 60
61 61 -0.23907923962307712 -0.080810883341756151 0.81398550061594788 0.52320007941683389 -0.067001384183745377 -2.6135948499606023 3.3352421515649313 1 CAMERA 61 61
62 62 -0.21276859362402392 -0.081228195395988564 0.81805949465080607 0.52811946475360472 -0.1689950754603772 -2.6148769022011815 3.3097655086319095 1 CAMERA 62 62
63 63 -0.18167044617470696 -0.080961878604828855 0.82282615991856767 0.53235151333787289 -0.2958518846279653 -2.623676920347648 3.3125610771425911 1 CAMERA 63 63
64 64 -0.14605864292222781 -0.074885365332772763 0.82820466223955347 0.53585081163637482 -0.37694657913475743 -2.616323576630033 3.3296576411076835 1 CAMERA 64 64
65 65 -0.11224675708985667 -0.073081167757639662 0.83265372005079286 0.53735238989658018 -0.41239738072846133 -2.6201318993076508 3.3742877210640709 1 CAMERA 65 65
66 66 -0.077817935573354743 -0.074461973290129421 0.83546663074287852 0.53888337546447296 -0.45741282486109291 -2.6423915728727532 3.371000972956125 1 CAMERA 66 66
67 67 -0.04576360962111739 -0.078040433300372941 0.83763367862675975 0.5386884101546443 -0.55481325161816419 -2.6667658106921817 3.3858788205692827 1 CAMERA 67 67
68 68 -0.020613546762885297 -0.07784045687723061 0.83893988083078197 0.5382339837975969 -0.58026456202192522 -2.6488142514718409 3.3073831479718896 1 CAMERA 68 68
69 69 0.002955657902235388 -0.075590365989073191 0.83950949647007012 0.53805312562290031 -0.55408690969531471 -2.6110410360560805 3.2435817242264835 1 CAMERA 69 69
70 70 0.033912214937679729 -0.067677012729625896 0.83913978236714637 0.53862251092470403 -0.6899196343111893 -2.5334204758350234 3.1831643856188023 1 CAMERA 70 70
71 71 0.066343831028966627 -0.061047450364788342 0.83800141487662194 0.53816849922040078 -0.81815265907007506 -2.450845501055531 3.1271971025502459 1 CAMERA 71 71
72 72 0.10077401580719315 -0.0544978995121599 0.83542954978463413 0.53752399391422279 -0.88553405356560977 -2.4023547287909772 3.0805099611255664 1 CAMERA 72 72
73 73 0.13425928692482267 -0.050420170830447017 0.83214703780204358 0.53568979617419554 -0.93304571085349797 -2.3932587168793651 3.0811286193609435 1 CAMERA 73 73
74 74 0.1682542887392314 -0.045489242214483666 0.82779001928956619 0.53327751417830027 -1.0174079360842121 -2.4002016302604718 3.0727641999741877 1 CAMERA 74 74
75 75 0.19916646807318619 -0.041998820779995283 0.82305164629029182 0.53024032719813274 -1.1203924279567303 -2.3688725199211782 2.9824931072003467 1 CAMERA 75 75
76 76 0.22431652038429942 -0.038935490764358968 0.81846747151237387 0.52751978571211922 -1.1387515163643787 -2.3268687579187257 2.879224485777061 1 CAMERA 76 76
77 77 0.24658823213976436 -0.036146851479975435 0.81407624377592058 0.52456412212231796 -1.1063423308975457 -2.2841975917151847 2.8557809884600696 1 CAMERA 77 77
78 78 0.26840680871055056 -0.033947386339638175 0.80986102715921515 0.52050982381425448 -1.1407323495611408 -2.2405249972205028 2.8561276626800489 1 CAMERA 78 78
79 79 0.29101594332148856 -0.032774462179225722 0.80503335075875948 0.51590392470661717 -1.1362803144334073 -2.1949056184482902 2.8546732039995351 1 CAMERA 79 79
80 80 0.31433973061696013 -0.031098024855197408 0.79916292102662512 0.51143139545979655 -1.1055701990756714 -2.1762176725495084 2.8678985434558779 1 CAMERA 80 80
81 81 0.33718042873116127 -0.030534585284567536 0.79306467048498797 0.50638466210056898 -1.092132721391613 -2.1892014468779943 2.8939755960696827 1 CAMERA 81 81
82 82 0.35898224321135136 -0.028055519725881092 0.78646746744021845 0.50181028240763037 -1.0813434927131307 -2.1970457230330975 2.8571787086769174 1 CAMERA 82 82
83 83 0.37821378542614503 -0.025486804492288261 0.78077167544884984 0.49668938596188456 -1.0634285864745265 -2.1597036036117276 2.8117560495016578 1 CAMERA 83 83
84 84 0.39603020894095636 -0.022603543328829918 0.77499394400507393 0.4919690439353116 -1.0013444218694436 -2.1167955549544706 2.7284496027186198 1 CAMERA 84 84
85 85 0.41604107124876977 -0.020058281213273816 0.76803398068264861 0.4864476301779157 -0.98856117026028023 -2.0455772966218442 2.7245647434311295 1 CAMERA 85 85
86 86 0.43921988209863427 -0.015358965776735801 0.75976415173642531 0.47917473960525186 -1.0496717561678184 -1.9914146345931871 2.7063630500353359 1 CAMERA 86 86
87 87 0.46281388345514757 -0.014145663659171895 0.74990560888308111 0.47248786994641701 -1.0280873281361769 -1.9747654834221142 2.712141456267835 1 CAMERA 87 87
88 88 0.48551631808152856 -0.013560168220633551 0.73885891213440735 0.4670947812531675 -0.95325586483425928 -1.9828885948523334 2.6950365535130727 1 CAMERA 88 88
89 89 0.50727214725669356 -0.011235997036932904 0.72839657468026098 0.46042062397576472 -0.90123445492781662 -1.9959848476848412 2.6601834495390211 1 CAMERA 89 89
90 90 0.52796396254400457 -0.010092026087468538 0.71821005698497697 0.45312969369698003 -0.87086593802646695 -1.9508933486905093 2.60416341325223 1 CAMERA 90 90
91 91 0.54941076180318638 -0.0083229128898042598 0.7065591462145846 0.4459290491057839 -0.81318526117973722 -1.9058040029216294 2.5347402741850478 1 CAMERA 91 91
92 92 0.57535603442009908 -0.0015647915545583546 0.69250192750334971 0.43520577372998381 -0.86451218096269555 -1.8778280811067132 2.4988453807855713 1 CAMERA 92 92
93 93 0.60136096660620808 0.00010981807112899141 0.67699375766801262 0.42431642421780319 -0.90261482228491552 -1.8401639498829014 2.5227380751406923 1 CAMERA 93 93
94 94 0.62611642063813577 -7.0792441416549399e-05 0.66046788163006132 0.41443986310539521 -0.8334148650994162 -1.8432330990653165 2.5388665888074753 1 CAMERA 94 94
95 95 0.65009625187301046 -0.0021018448009883497 0.64310255578871844 0.40470921448258923 -0.76095356622991317 -1.8781115366251422 2.6295406168123936 1 CAMERA 95 95
96 96 0.67071636962430214 -0.0034762692206742061 0.62700580473979406 0.39622113509113227 -0.75457251219887045 -1.9014643938929454 2.6507513668376301 1 CAMERA 96 96
97 97 0.68733739939616623 -0.0035867350393464716 0.61491442690457088 0.3865678236838857 -0.73179240472731155 -1.8817503016470947 2.664746447276741 1 CAMERA 97 97
98 98 0.70124893418422829 -0.0021587773650475718 0.60468403524860159 0.37762744802416048 -0.67528752013869575 -1.842590316706431 2.6073302978320276 1 CAMERA 98 98
99 99 0.71546977737219097 -0.00098397037864958676 0.59289857660996914 0.36955825971442452 -0.68372091595175555 -1.8062514845241096 2.5829522516248615 1 CAMERA 99 99
100 100 0.72960032041006406 0.00023840680833651036 0.58015210138093998 0.36208680572896479 -0.70814680157832643 -1.8023772087198495 2.5706458824546234 1 CAMERA 100 100
101 101 0.74420120224203046 0.0018002692223153358 0.56652072110243268 0.35385816674738974 -0.70138711654219676 -1.8213357165390955 2.6318668615207752 1 CAMERA 101 101
102 102 0.75971795655549312 0.0031215758497150294 0.55215838305493126 0.34342393957545281 -0.68662203457662352 -1.8633206691069124 2.7202315473523093 1 CAMERA 102 102
103 103 0.77425640586339362 0.0035010413497433179 0.53762787625903119 0.33387277121408282 -0.68125685242365874 -1.9188404725178176 2.8470329303937953 1 CAMERA 103 103
104 104 0.78616494656901925 0.0043472602336251309 0.52549688881137657 0.32523652618387727 -0.66154454168257404 -1.9731565201080625 2.9483641505995175 1 CAMERA 104 104
105 105 0.79570314623213456 0.0062044003435453958 0.5167508032197009 0.31589019589796252 -0.62315046229165882 -2.0213335549417248 3.0176829627227835 1 CAMERA 105 105
106 106 0.80493544223821112 0.0089038672972772698 0.50727625111405328 0.30768565132550496 -0.5451460098187495 -2.0425957722768522 3.0292272577568009 1 CAMERA 106 106
107 107 0.81629579506862682 0.014228787814239431 0.49448811680952159 0.29822846759621879 -0.53494064534395747 -2.0753861852665745 3.0719683899329429 1 CAMERA 107 107
108 108 0.83055155334651698 0.020137304414325676 0.47756876529893161 0.28584380457772135 -0.62048665159782823 -2.0606017251350766 3.0930069049576558 1 CAMERA 108 108
109 109 0.84485920455033958 0.022226419438462451 0.45840473660291553 0.27492545939858776 -0.62439377327504308 -2.0658629288728165 3.1226522289760839 1 CAMERA 109 109
110 110 0.85812777891571235 0.022132296723131641 0.43956352985203306 0.26440646686298436 -0.52200877878439256 -2.1334824493230231 3.1744778828835689 1 CAMERA 110 110
111 111 0.86960313243634502 0.023430511696609004 0.42292328281460118 0.25372682166427074 -0.50056104362476106 -2.1657001049209987 3.2268468094604059 1 CAMERA 111 111
112 112 0.87940664014393066 0.024723456332247293 0.40814780190302824 0.24381977725253756 -0.45053536330281796 -2.147399405384558 3.2022761654915728 1 CAMERA 112 112
113 113 0.8885837106596044 0.025066976542823152 0.39392707470248162 0.23369230978736871 -0.37749085905454144 -2.122863474815976 3.1868058089421312 1 CAMERA 113 113
114 114 0.89916842313501222 0.027428323454770389 0.37729593617370938 0.21998093202857458 -0.35416242514827212 -2.0866126935767526 3.170159800593936 1 CAMERA 114 114
115 115 0.91013876973311125 0.028602749865530304 0.35832604256246625 0.20598968360175374 -0.33022126402544077 -2.056617068798746 3.1828321065126279 1 CAMERA 115 115
116 116 0.92018767935852153 0.029744145610522181 0.33911598804103948 0.19331390848469351 -0.26974262805726351 -2.0805418024045723 3.1888734133201657 1 CAMERA 116 116
117 117 0.92880524619337401 0.030967138306040767 0.32103826788531004 0.18247268711234713 -0.20527664785160082 -2.1255605714613459 3.1934599209658323 1 CAMERA 117 117
118 118 0.9355876468687887 0.032308775081192974 0.30616264923573117 0.17290555309831518 -0.15740323205594484 -2.1387341124582484 3.2008077830523258 1 CAMERA 118 118
119 119 0.941000567536037 0.033257354545919514 0.2944892584358732 0.16336449103569825 -0.1001453194206282 -2.0932067641403478 3.1152819206127678 1 CAMERA 119 119
120 120 0.94635530207365037 0.033025821324827898 0.28103567482244579 0.15601245732313559 0.015643689616275387 -2.0119464767467679 3.0640095786172514 1 CAMERA 120 120
121 121 0.9528446200860291 0.034244318989945684 0.26348005054972568 0.1466039547636418 0.076465258449014056 -2.0005354939592523 3.0486604633667693 1 CAMERA 121 121
122 122 0.96045312485172618 0.0364002756007063 0.24100345651833652 0.13461853083792519 0.10810731107878946 -1.9930730396953906 3.0370168864001226 1 CAMERA 122 122
123 123 0.96779131838114274 0.035481786635141406 0.21741052116649112 0.12187564223167248 0.23434120831352559 -1.9956225479912353 3.1010772159721767 1 CAMERA 123 123
124 124 0.9748974472904437 0.036936723776309834 0.19316064794105475 0.10440119630656197 0.31429653371884597 -2.0229503401696611 3.123037866321015 1 CAMERA 124 124
125 125 0.98053314335045372 0.036979340585102528 0.17073361409819582 0.08965108018388826 0.37657982907063048 -1.9895768014877346 3.0517318568837384 1 CAMERA 125 125
126 126 0.9849017757714027 0.036026329135542087 0.15096649071445872 0.076679295593508778 0.4612685357601522 -1.8955694820862539 2.9569533646490145 1 CAMERA 126 126
127 127 0.98903757878282206 0.036760183218329509 0.12956912635182888 0.060540880251213174 0.46343384611428956 -1.8240748134653457 2.917920652051349 1 CAMERA 127 127
128 128 0.99236347564343941 0.037620991807853152 0.10796281680919866 0.046297120546420399 0.46378402149494896 -1.7728156492530864 2.824984057775429 1 CAMERA 128 128
129 129 0.99507135878654418 0.038842945192977832 0.085553220852241291 0.031699573076678769 0.57814164486067798 -1.7261111912349427 2.7481837641899598 1 CAMERA 129 129
130 130 0.99719648074091305 0.041228734981462858 0.060002954192741952 0.017292070376616269 0.62188583829592536 -1.7067365947537825 2.6546604892329442 1 CAMERA 130 130
131 131 0.99841945711758462 0.043406170023395689 0.035378513003647111 0.0047804676108548693 0.55275859037576924 -1.6385359458061124 2.5098012423378142 1 CAMERA 131 131
132 132 0.9987302749728264 0.046238583791539972 0.019009001159566819 -0.0062039581374219287 0.60962919066649479 -1.5386453959081698 2.3441937453391382 1 CAMERA 132 132
133 133 0.9984978853221913 0.05235430567263364 0.0056576191155428765 -0.0151324495899441 0.65103072737966006 -1.47079408041458 2.234192793909862 1 CAMERA 133 133
134 134 0.99800924928696988 0.058417162729342699 -0.0061231009238506594 -0.022966956075819112 0.65947525466364187 -1.4644315637854859 2.1863297275001594 1 CAMERA 134 134
135 135 0.99741040538209957 0.063310407937826205 -0.017927193673695798 -0.029032588745194397 0.71203962722147562 -1.4478242011827045 2.1406986135478689 1 CAMERA 135 135
