# Camera list with one line of data per camera:
#   CAMERA_ID, MODEL, WIDTH, HEIGHT, PARAMS[]
# Number of cameras: 135
1 SIMPLE_RADIAL 478 850 694.04471208196821 239 425 -0.0018622883943927545
2 SIMPLE_RADIAL 478 850 696.83470922705374 239 425 -0.024070413530593714
3 SIMPLE_RADIAL 478 850 694.89979562917051 239 425 -0.017524290761699441
4 SIMPLE_RADIAL 478 850 691.56892107241038 239 425 -0.011571617284429162
5 SIMPLE_RADIAL 478 850 688.16420822934833 239 425 0.0015628082398749263
6 SIMPLE_RADIAL 478 850 689.19907794002177 239 425 -0.0023845931372665939
7 SIMPLE_RADIAL 478 850 689.30564276097607 239 425 -0.0025203505900083705
8 SIMPLE_RADIAL 478 850 690.47018865070663 239 425 -0.00481939654235191
9 SIMPLE_RADIAL 478 850 689.1599308899257 239 425 -0.0028918019958524867
10 SIMPLE_RADIAL 478 850 689.1894770386881 239 425 -0.00066985177568918515
11 SIMPLE_RADIAL 478 850 689.30413559564181 239 425 0.0021445473666490268
12 SIMPLE_RADIAL 478 850 691.9295271470811 239 425 -0.0023132976724482583
13 SIMPLE_RADIAL 478 850 691.44768682674169 239 425 -0.005309665628057009
14 SIMPLE_RADIAL 478 850 689.77616656481075 239 425 0.0032070279006614468
15 SIMPLE_RADIAL 478 850 689.84824346745211 239 425 0.005182252943494196
16 SIMPLE_RADIAL 478 850 693.8120785296353 239 425 -0.0036226850414056845
17 SIMPLE_RADIAL 478 850 696.02948441840601 239 425 -0.0075959606092414096
18 SIMPLE_RADIAL 478 850 693.89662872350641 239 425 -0.0020319180640203135
19 SIMPLE_RADIAL 478 850 697.13079413950334 239 425 -0.006631601588204388
20 SIMPLE_RADIAL 478 850 691.21545661224252 239 425 0.0077329819458025325
21 SIMPLE_RADIAL 478 850 696.03308337987414 239 425 -0.0017052931625127351
22 SIMPLE_RADIAL 478 850 697.39130394387416 239 425 -0.0092921325074283509
23 SIMPLE_RADIAL 478 850 697.34424742705096 239 425 -0.0092917276546169922
24 SIMPLE_RADIAL 478 850 697.16495670415009 239 425 -0.0052525167912350944
25 SIMPLE_RADIAL 478 850 697.14054014010492 239 425 -0.0053802566636324423
26 SIMPLE_RADIAL 478 850 696.66228715985994 239 425 -0.0052048830362549968
27 SIMPLE_RADIAL 478 850 693.7276086451343 239 425 0.0028781414858174616
28 SIMPLE_RADIAL 478 850 693.85973115323964 239 425 0.00097047090535345385
29 SIMPLE_RADIAL 478 850 691.33007085550037 239 425 0.006591852439936095
30 SIMPLE_RADIAL 478 850 693.14731736563647 239 425 0.0046109634420492488
31 SIMPLE_RADIAL 478 850 695.20013865318845 239 425 -0.00087619358209369751
32 SIMPLE_RADIAL 478 850 696.55317565733947 239 425 -0.0058815131882718344
33 SIMPLE_RADIAL 478 850 694.14701375705783 239 425 -0.0014145218787312572
34 SIMPLE_RADIAL 478 850 694.27256002360809 239 425 0.00017780423091115873
35 SIMPLE_RADIAL 478 850 692.95545936813448 239 425 0.0065634663039791548
36 SIMPLE_RADIAL 478 850 692.75555520263322 239 425 0.0082501841760029143
37 SIMPLE_RADIAL 478 850 690.36053019204144 239 425 0.014204301197053288
38 SIMPLE_RADIAL 478 850 688.50574053795503 239 425 0.014964877383828177
39 SIMPLE_RADIAL 478 850 687.5472970593695 239 425 0.015653113567114844
40 SIMPLE_RADIAL 478 850 690.06719282592235 239 425 0.0067660425127684777
41 SIMPLE_RADIAL 478 850 690.02157525535358 239 425 0.0057076859765049599
42 SIMPLE_RADIAL 478 850 690.1904683605112 239 425 0.0065968207304619234
43 SIMPLE_RADIAL 478 850 689.30219998045459 239 425 0.0060070524286841122
44 SIMPLE_RADIAL 478 850 690.72724861293239 239 425 0.003138148251972435
45 SIMPLE_RADIAL 478 850 689.18866334400866 239 425 0.0063152611099834589
46 SIMPLE_RADIAL 478 850 689.6659648776058 239 425 0.0086154932171626907
47 SIMPLE_RADIAL 478 850 691.35894030851716 239 425 -0.0022914666223551269
48 SIMPLE_RADIAL 478 850 692.06877351228457 239 425 0.0029589795491898508
49 SIMPLE_RADIAL 478 850 690.64422986376246 239 425 0.0030888743794289394
50 SIMPLE_RADIAL 478 850 689.83614040280304 239 425 0.0018014595850945839
51 SIMPLE_RADIAL 478 850 689.11685593076891 239 425 0.0081382632500539738
52 SIMPLE_RADIAL 478 850 692.5443588675414 239 425 0.0022981410205523255
53 SIMPLE_RADIAL 478 850 693.77749140973754 239 425 0.00096471098270910433
54 SIMPLE_RADIAL 478 850 692.41548880235439 239 425 0.0033427530878797724
55 SIMPLE_RADIAL 478 850 691.33292332227143 239 425 0.0037394621354188205
56 SIMPLE_RADIAL 478 850 690.45952181396638 239 425 0.0023344136994019071
57 SIMPLE_RADIAL 478 850 693.58201714615973 239 425 -0.005965872008749866
58 SIMPLE_RADIAL 478 850 694.239648797428 239 425 -0.0078101719223597783
59 SIMPLE_RADIAL 478 850 692.04773483718714 239 425 0.0025412134563946231
60 SIMPLE_RADIAL 478 850 693.37200323513116 239 425 0.00069648043328911864
61 SIMPLE_RADIAL 478 850 692.51582854088099 239 425 0.0021632098345418229
62 SIMPLE_RADIAL 478 850 692.4870249707476 239 425 0.0022763040934804394
63 SIMPLE_RADIAL 478 850 694.29059520223211 239 425 0.0038989616776625904
64 SIMPLE_RADIAL 478 850 693.28405829831343 239 425 0.0080938637742879807
65 SIMPLE_RADIAL 478 850 696.06084243784846 239 425 0.0093010360511952307
66 SIMPLE_RADIAL 478 850 696.35684703515778 239 425 0.005675271892827293
67 SIMPLE_RADIAL 478 850 701.1370043997058 239 425 -0.0052627151615567301
68 SIMPLE_RADIAL 478 850 699.87417309299019 239 425 0.0021669804511130807
69 SIMPLE_RADIAL 478 850 699.72470578732066 239 425 0.0035005021655467026
70 SIMPLE_RADIAL 478 850 697.08334105885729 239 425 0.0051004693271860298
71 SIMPLE_RADIAL 478 850 696.22076841848127 239 425 0.0067180479954406583
72 SIMPLE_RADIAL 478 850 694.35732387645453 239 425 0.0014226193259934581
73 SIMPLE_RADIAL 478 850 695.53417124254258 239 425 -0.0072152262727399833
74 SIMPLE_RADIAL 478 850 696.92431937637923 239 425 -0.01310195710865238
75 SIMPLE_RADIAL 478 850 697.26506206887029 239 425 -0.011506486167899007
76 SIMPLE_RADIAL 478 850 695.52275922505555 239 425 -0.012076035584415322
77 SIMPLE_RADIAL 478 850 693.77254866215742 239 425 -0.012449916561037305
78 SIMPLE_RADIAL 478 850 695.93108916140477 239 425 -0.014917559063778819
79 SIMPLE_RADIAL 478 850 696.57810070417304 239 425 -0.016081664920339574
80 SIMPLE_RADIAL 478 850 695.63649868959487 239 425 -0.012783807142927317
81 SIMPLE_RADIAL 478 850 698.43462519834668 239 425 -0.016480567033092364
82 SIMPLE_RADIAL 478 850 693.02586557053007 239 425 -0.0080015892616812877
83 SIMPLE_RADIAL 478 850 695.52868617991805 239 425 -0.011151639222101597
84 SIMPLE_RADIAL 478 850 692.10183786365735 239 425 -0.0024833338387685927
85 SIMPLE_RADIAL 478 850 692.24747230156663 239 425 -0.003240234430574454
86 SIMPLE_RADIAL 478 850 691.11859523748251 239 425 0.0026388510069455021
87 SIMPLE_RADIAL 478 850 693.34238941587842 239 425 -0.0033364163716594333
88 SIMPLE_RADIAL 478 850 689.75752773326155 239 425 -0.00020315667254363631
89 SIMPLE_RADIAL 478 850 687.82773956861456 239 425 0.00065334019739151327
90 SIMPLE_RADIAL 478 850 691.80485552871403 239 425 -0.0054581202259334806
91 SIMPLE_RADIAL 478 850 692.91140874792836 239 425 -0.0039469311609475911
92 SIMPLE_RADIAL 478 850 689.70899675955638 239 425 0.0006901916459300004
93 SIMPLE_RADIAL 478 850 690.67826327908836 239 425 -0.00023661655396806642
94 SIMPLE_RADIAL 478 850 688.11081297188036 239 425 0.0085813038782229251
95 SIMPLE_RADIAL 478 850 696.02770124742301 239 425 -0.019058277137829115
96 SIMPLE_RADIAL 478 850 693.48423464839698 239 425 -0.010420280075086002
97 SIMPLE_RADIAL 478 850 697.71845538698574 239 425 -0.025820929692053129
98 SIMPLE_RADIAL 478 850 694.86464633707135 239 425 -0.014980119348052172
99 SIMPLE_RADIAL 478 850 692.9988189872447 239 425 -0.014148741500673434
100 SIMPLE_RADIAL 478 850 693.28308790044139 239 425 -0.0080428343788297909
101 SIMPLE_RADIAL 478 850 693.78938523190402 239 425 -0.010738174162315874
102 SIMPLE_RADIAL 478 850 693.58263410107736 239 425 -0.012257920715343309
103 SIMPLE_RADIAL 478 850 693.7605180518766 239 425 -0.006555484763524003
104 SIMPLE_RADIAL 478 850 690.65451097652806 239 425 -0.0077790815101275055
105 SIMPLE_RADIAL 478 850 692.46088501396741 239 425 -0.0070988990961531623
106 SIMPLE_RADIAL 478 850 693.34793215108436 239 425 -0.011105863226503034
107 SIMPLE_RADIAL 478 850 690.37636101558223 239 425 0.007051480534229917
108 SIMPLE_RADIAL 478 850 690.7836104107472 239 425 -0.00070996516883188273
109 SIMPLE_RADIAL 478 850 690.72148382919909 239 425 -0.0024068984041291041
110 SIMPLE_RADIAL 478 850 691.20410764637768 239 425 0.0056622654605237516
111 SIMPLE_RADIAL 478 850 693.34224442428729 239 425 -0.0039036372860172821
112 SIMPLE_RADIAL 478 850 693.76586345251553 239 425 -0.0098818094428038405
113 SIMPLE_RADIAL 478 850 700.38997172618099 239 425 -0.028560101410729836
114 SIMPLE_RADIAL 478 850 694.54879273076358 239 425 -0.013615213941472418
115 SIMPLE_RADIAL 478 850 697.05421870624104 239 425 -0.024906783683325103
116 SIMPLE_RADIAL 478 850 695.99616650055509 239 425 -0.014806182594825298
117 SIMPLE_RADIAL 478 850 689.84783477012525 239 425 0.0027298116405267679
118 SIMPLE_RADIAL 478 850 691.82009921633903 239 425 -0.0052504106048449819
119 SIMPLE_RADIAL 478 850 687.26757228973395 239 425 0.0098089147719618158
120 SIMPLE_RADIAL 478 850 688.53458880896483 239 425 0.0057610249261187138
121 SIMPLE_RADIAL 478 850 690.59669041771554 239 425 -0.0011588811898713793
122 SIMPLE_RADIAL 478 850 692.86098682809461 239 425 -0.010455374112100435
123 SIMPLE_RADIAL 478 850 691.35198340393049 239 425 -0.0045533232620544846
124 SIMPLE_RADIAL 478 850 686.93847726823367 239 425 0.010659686519709577
125 SIMPLE_RADIAL 478 850 687.26806572004784 239 425 0.0062392008465988842
126 SIMPLE_RADIAL 478 850 687.10142557622623 239 425 0.0056465978925411241
127 SIMPLE_RADIAL 478 850 688.05912592229004 239 425 0.0085780003074620425
128 SIMPLE_RADIAL 478 850 687.66490404573926 239 425 0.011177782247616289
129 SIMPLE_RADIAL 478 850 690.39150489910435 239 425 0.0052159174968597968
130 SIMPLE_RADIAL 478 850 688.58191932927105 239 425 0.0096757083702724567
131 SIMPLE_RADIAL 478 850 692.97993110412358 239 425 -0.00034156777762206763
132 SIMPLE_RADIAL 478 850 691.79554588769633 239 425 0.0012447832616288318
133 SIMPLE_RADIAL 478 850 690.14147164537337 239 425 0.0042639483290261571
134 SIMPLE_RADIAL 478 850 687.96998024832146 239 425 0.011530633094839345
135 SIMPLE_RADIAL 478 850 687.50802263880973 239 425 0.011263693702783678
