# Frame list with one line of data per frame:
#   FRAME_ID, RIG_ID, RIG_FROM_WORLD[QW, QX, QY, QZ, TX, TY, TZ], NUM_DATA_IDS, DATA_IDS[] as (SENSOR_TYPE, SENSOR_ID, DATA_ID)
# Number of frames: 135
1 1 0.94129361558757318 -0.075060620805816117 0.29837286167009058 0.13894555724139121 0.015119226279546863 -2.0169734938865154 3.7688012255270857 1 CAMERA 1 1
2 2 0.94423134733375547 -0.076189590609979763 0.29006017275582346 0.13596839771000591 -0.01099412306780926 -2.0028135262337181 3.7870587839164909 1 CAMERA 2 2
3 3 0.94816792961367335 -0.077956181593518026 0.27814923739730263 0.13241379361221275 -0.032688693200330521 -1.989949029739708 3.7495631650954282 1 CAMERA 3 3
4 4 0.95138052270306972 -0.078599090994521323 0.26874480319733429 0.12834919037724715 -0.013236888824664377 -1.9704524789498681 3.7004575588236261 1 CAMERA 4 4
5 5 0.95398174796001323 -0.079285912890674631 0.26148053891857859 0.12353338149302041 0.05548660609378861 -1.9570074341981898 3.6467315027543248 1 CAMERA 5 5
6 6 0.9564268395792952 -0.079323042104825325 0.25500802657322813 0.11801043134750956 0.074103066433382894 -1.9319056926691394 3.6260572838262082 1 CAMERA 6 6
7 7 0.9593006582036111 -0.079587011406263522 0.2463275307378098 0.11283130056039936 0.061967209281465499 -1.8943523982178823 3.5388304043667644 1 CAMERA 7 7
8 8 0.96185852637182301 -0.079828778293360117 0.23896025219483055 0.10655298809980789 0.13438332926230559 -1.8190210469613364 3.3545508646179512 1 CAMERA 8 8
9 9 0.96525906569117992 -0.078214674159675618 0.22787766780720037 0.10113935614703895 0.17934752195615916 -1.7243650596065443 3.2029612222496224 1 CAMERA 9 9
10 10 0.96953950001272782 -0.07409200247570645 0.21259871392449231 0.096464086176470606 0.18937947501207472 -1.662035908650493 3.0997235433658759 1 CAMERA 10 10
11 11 0.9747354966318037 -0.067609135439337303 0.1927417925474442 0.09038981035877075 0.21819735395552803 -1.6524719998154345 2.9380676969922797 1 CAMERA 11 11
12 12 0.97982030330338987 -0.063161282909578439 0.17046409696537948 0.083095229835695103 0.30853378007769339 -1.5875082032084766 2.7923052895117322 1 CAMERA 12 12
13 13 0.98458291030477385 -0.058821731731279525 0.1471765030767973 0.073997118552011867 0.3707694790696453 -1.546765106494997 2.6593697102676663 1 CAMERA 13 13
14 14 0.98804441817590571 -0.055428886004688351 0.12770120844106644 0.066244001014481857 0.406355780598742 -1.5363643641206326 2.5840432069527024 1 CAMERA 14 14
15 15 0.9901858902202193 -0.052808645767874876 0.11433638636393974 0.060583335119410074 0.41642914433044337 -1.5247535803122718 2.5228159304953279 1 CAMERA 15 15
16 16 0.99153848027025149 -0.051064510236325106 0.10497180444155975 0.056787130672075102 0.41759696420678388 -1.509136272923943 2.4654108284110765 1 CAMERA 16 16
17 17 0.99246675190204725 -0.048825458465441347 0.099063355021008215 0.053030865226032127 0.47518289373301764 -1.4669656257300614 2.364874965121142 1 CAMERA 17 17
18 18 0.99329366656872786 -0.044938131839596461 0.094767665889349748 0.048655377535320656 0.56591981869934205 -1.4075406066663321 2.2132736613203066 1 CAMERA 18 18
19 19 0.99476817827033437 -0.037071840927365735 0.084983412599424199 0.042892536576104465 0.62660354870622326 -1.3520995867785954 2.10895706248004 1 CAMERA 19 19
20 20 0.99697332211960588 -0.026585888705683933 0.06615184210298948 0.031005149409525357 0.63652547932656423 -1.3647679231795684 1.9731999606691712 1 CAMERA 20 20
21 21 0.99903270988099013 -0.016009973893225626 0.03768082346432098 0.016046210357413028 0.62108691832358998 -1.3588424657926572 1.8988852010307775 1 CAMERA 21 21
22 22 0.99996639046709712 -0.0077086987303540263 0.0027822208600803825 0.00023053671146661107 0.68395737348317287 -1.3218783829373191 1.8755148337858873 1 CAMERA 22 22
23 23 0.99953876319687829 0.001019448933651447 -0.026390358964620279 -0.014992349530513765 0.78118668092097832 -1.3164559991844547 1.912741284989278 1 CAMERA 23 23
24 24 0.99846560874095536 0.0090165610774446143 -0.0462996025534817 -0.029008215927214403 0.87054915755493711 -1.3464639611459099 1.9515441478787228 1 CAMERA 24 24
25 25 0.99705311215923709 0.016898579790948755 -0.061115051511140391 -0.043179624980071468 0.90909639001043685 -1.3786665661683948 1.988735373625115 1 CAMERA 25 25
26 26 0.99476139618916415 0.024509275043298768 -0.077827101436996241 -0.061579236521348689 0.92521490116642313 -1.4352420171054481 1.9594725276704927 1 CAMERA 26 26
27 27 0.9912299391281767 0.030896891292625028 -0.098831679125765765 -0.082102917643556053 0.98511066774240574 -1.4846143148351507 1.911354978952891 1 CAMERA 27 27
28 28 0.98596568581346455 0.035655638145257164 -0.12328056165519828 -0.10678129510741928 1.0218494141003525 -1.5407908970358852 1.9519224944304365 1 CAMERA 28 28
29 29 0.97870084724140671 0.039441472271715246 -0.15082278178263786 -0.13357211673601296 0.96506708111400485 -1.6033382568124543 2.0191462936507838 1 CAMERA 29 29
30 30 0.96925161710999119 0.043102562907042036 -0.18396357221195908 -0.15764160586446371 0.94558672073817951 -1.6780177855549159 2.112177239329271 1 CAMERA 30 30
31 31 0.95870792405406746 0.049037292605840749 -0.21824792880212363 -0.1756197650135452 1.0272957721020768 -1.7694585840016825 2.257366609314575 1 CAMERA 31 31
32 32 0.94756549922304656 0.054765596583495786 -0.25103125426473683 -0.1900096405325408 1.0923043954685112 -1.8776065125208496 2.3942447576711889 1 CAMERA 32 32
33 33 0.93667257969603301 0.059286039578546834 -0.27742086560111934 -0.20534679760297089 1.1098813527014257 -1.9790007777318401 2.5010899136674434 1 CAMERA 33 33
34 34 0.92471804709821925 0.061227463716413744 -0.30238832552014144 -0.22295522341231597 1.1082495216099215 -2.0624803948910593 2.5198409404187023 1 CAMERA 34 34
35 35 0.90833274543910214 0.05954539200066878 -0.32874305446963203 -0.25162268179265257 1.0963496285785013 -2.1075503517557217 2.5632457403583122 1 CAMERA 35 35
36 36 0.88917860239480029 0.057819184807538539 -0.35795139521620667 -0.27908628338596736 0.98105093903595197 -2.1569428397563142 2.6880658167300284 1 CAMERA 36 36
37 37 0.87082071326797184 0.057339527845290346 -0.38649248652594964 -0.298340446049356 0.94821703115836087 -2.2258624940261864 2.8305389443203071 1 CAMERA 37 37
38 38 0.85250705717043596 0.058760155274808351 -0.41428084348842681 -0.31328955352070248 0.96366332991787773 -2.3311766605840787 3.017365086844892 1 CAMERA 38 38
39 39 0.83494145313565205 0.061324859495367021 -0.43968201737883456 -0.32525644503572465 0.87931244780952922 -2.4017896554443201 3.178226749886111 1 CAMERA 39 39
40 40 0.82195602807188894 0.060440845728943766 -0.45666252070282226 -0.33495452567355849 0.84235681803510065 -2.4750782589502323 3.2974723739598288 1 CAMERA 40 40
41 41 0.81092368659237335 0.057718153256511452 -0.46870474685453378 -0.3455246005483828 0.79471820928683368 -2.5108455962082261 3.3300709780427407 1 CAMERA 41 41
42 42 0.79889419561810371 0.054622387059040788 -0.48081659450555925 -0.3572112281098565 0.74120475301552602 -2.5270594392510906 3.2853985596110475 1 CAMERA 42 42
43 43 0.78512401608996096 0.054533662184707205 -0.49537877523230395 -0.36770399521468011 0.74765158519310149 -2.5039920650672824 3.2363692842952489 1 CAMERA 43 43
44 44 0.76714581227345624 0.053111900817791345 -0.51211027492572536 -0.38263493700695722 0.69124638475366795 -2.4889598793096579 3.2483391604491216 1 CAMERA 44 44
45 45 0.74506748830196212 0.050962341889794607 -0.53050444709911393 -0.4010515044138056 0.51468621488701638 -2.4854423669691328 3.2686791854162087 1 CAMERA 45 45
46 46 0.71831533096093469 0.052357702760801351 -0.55357794921159353 -0.41813061406070334 0.39471228668779723 -2.5256223508286033 3.3357752601969901 1 CAMERA 46 46
47 47 0.69161114348688335 0.056282283149565161 -0.57553521962738263 -0.43274188816972453 0.38412319247336441 -2.5711915308763862 3.3920029043246602 1 CAMERA 47 47
48 48 0.66634100775795257 0.059498438446032684 -0.59536132133335473 -0.44496572257062905 0.37337663522207321 -2.6426324098552296 3.4590280771842101 1 CAMERA 48 48
49 49 0.64491417553279973 0.060326919750101578 -0.61113046657910564 -0.45493507423490526 0.34427884283711829 -2.6571014399494315 3.4783426613134982 1 CAMERA 49 49
50 50 0.62692422062347231 0.059710080412169499 -0.62343211112650276 -0.46339306286259396 0.33129304298507956 -2.6397332942767697 3.4243561180953619 1 CAMERA 50 50
51 51 0.61100460345376129 0.058442420940708062 -0.63347153303789883 -0.47113870019720866 0.38619922115792149 -2.6371252010785216 3.3622733883978642 1 CAMERA 51 51
52 52 0.5942804651437138 0.058087627740899095 -0.64409551096581052 -0.47811873944209465 0.37112564617017441 -2.580532988592549 3.3647883259295446 1 CAMERA 52 52
53 53 0.57246056219889552 0.054765216659067993 -0.65592377984135086 -0.48893115140052684 0.21683106749465392 -2.5553138922017382 3.3603432129433535 1 CAMERA 53 53
54 54 0.54780927143998737 0.052659642161256737 -0.66907613361223517 -0.49946880947897165 0.17120084751661063 -2.5567683946033726 3.3712661728699835 1 CAMERA 54 54
55 55 0.52292446139532167 0.054181231889299547 -0.6828844024430335 -0.50723100721997649 0.2262645910987536 -2.5549453208952966 3.4059786713332034 1 CAMERA 55 55
56 56 -0.49822343597615704 -0.056255457924078274 0.69602129119876621 0.51396798878516425 0.29002343926297675 -2.5971164756305369 3.4674644856161279 1 CAMERA 56 56
57 57 -0.47206795630009585 -0.060766833761215534 0.70974020175256414 0.51935352368643573 0.24966231356151289 -2.6389949565284221 3.5325704270452354 1 CAMERA 57 57
58 58 -0.44653268835804377 -0.066598412354576988 0.72185317647091474 0.52450090688047291 0.10147723176159826 -2.6459067001825245 3.505770427778589 1 CAMERA 58 58
59 59 -0.42452524398692765 -0.07091928407081774 0.73063971323096988 0.53001356757585794 0.0049663087272006617 -2.6396062345691753 3.4310004883086398 1 CAMERA 59 59
60 60 -0.40482317376387889 -0.073915846374366712 0.73773340715536928 0.53516732486712182 -0.012691130372414946 -2.6280366499997903 3.3644788825459035 1 CAMERA 60 60
61 61 -0.38481738893941886 -0.077831855512987061 0.7440721406529901 0.5405686163118707 -0.034772357892049091 -2.6017412086905809 3.3153928264252843 1 CAMERA 61 61
62 62 -0.35978431740247457 -0.080276409010608105 0.75129794750400047 0.54741422815256924 -0.13691885707973109 -2.6042839260402579 3.291089719321564 1 CAMERA 62 62
63 63 -0.33002524464655691 -0.082147537370468621 0.75982074476290873 0.55408262545209497 -0.26425859304129229 -2.6140931360133814 3.2954949374965055 1 CAMERA 63 63
64 64 -0.29546708088349793 -0.078547417625953422 0.76917691971628388 0.56115628257576167 -0.3462789255019717 -2.6081618552590635 3.3119376941922738 1 CAMERA 64 64
65 65 -0.26269691986531951 -0.078713847230501788 0.77775697950979172 0.56558689816088625 -0.38404996005891601 -2.6130531679478337 3.3541290742208751 1 CAMERA 65 65
66 66 -0.22930393384288103 -0.082658974712093783 0.78500938575975177 0.56951511313820502 -0.42886002598276346 -2.6356013343164943 3.3504374334133291 1 CAMERA 66 66
67 67 -0.19817450788143734 -0.087932269646517 0.79167166795630117 0.57118363994082544 -0.52795686993104862 -2.6604995487244425 3.3675801563292582 1 CAMERA 67 67
68 68 -0.1734641246262259 -0.089122938990425796 0.79633305661903886 0.57255651437141519 -0.55487211286063487 -2.6434749734857674 3.2899161686593392 1 CAMERA 68 68
69 69 -0.15012876874883399 -0.088338054347869996 0.79987617321427773 0.57433078314859176 -0.53072173377179011 -2.6065429460743741 3.2287129490785076 1 CAMERA 69 69
70 70 -0.11905649173827473 -0.082528510901732063 0.80303551798611994 0.57805583944466898 -0.66761957085257717 -2.5305778539043922 3.1685969133581606 1 CAMERA 70 70
71 71 -0.086445139330132328 -0.078053923111453621 0.80577883393044136 0.58065075024734414 -0.79679625397874965 -2.4497016216859739 3.1125460766878263 1 CAMERA 71 71
72 72 -0.051676581868521469 -0.073866318617512222 0.80739499508256374 0.5830837159241451 -0.86614989186351166 -2.4022759272333025 3.067796972752872 1 CAMERA 72 72
73 73 -0.017765648759006502 -0.071957787809795004 0.80844600916914877 0.58388484203322888 -0.91514176599336494 -2.3937596599361139 3.0666537763893187 1 CAMERA 73 73
74 74 0.016805562717400909 -0.069200597498136285 0.80847848971361724 0.58420149095842011 -1.0016299135083422 -2.4011322757843998 3.0608786175168778 1 CAMERA 74 74
75 75 0.048358315493389981 -0.067649034428955118 0.80784977692391835 0.58349277577999825 -1.1057682234140893 -2.3703795421355811 2.9719495554643811 1 CAMERA 75 75
76 76 0.07416685011811662 -0.066182991350495199 0.80661740933040671 0.58265551139979821 -1.125890497663331 -2.3289437385248104 2.8693500214855505 1 CAMERA 76 76
77 77 0.097090508812696694 -0.064744343614570182 0.80524356068110947 0.581347065916754 -1.0958259103196306 -2.2868776821636021 2.8472180517740631 1 CAMERA 77 77
78 78 0.11956969376280552 -0.063785445726592921 0.80415826821856395 0.57876073199781686 -1.1315365714749079 -2.2439155578557166 2.8558090406247607 1 CAMERA 78 78
79 79 0.14292998809003199 -0.063659579805063107 0.80255084881131644 0.5757001055027362 -1.1291146378301236 -2.1984443611990927 2.845853211136415 1 CAMERA 79 79
80 80 0.16712409081746718 -0.063266785354443147 0.80003545486130589 0.5727216803162013 -1.1007891087702859 -2.1797502756835772 2.8592872246194272 1 CAMERA 80 80
81 81 0.19084835095167557 -0.063867692241079951 0.7973126073035639 0.56902586150509704 -1.0894704514475688 -2.1921864439606202 2.8828776970680665 1 CAMERA 81 81
82 82 0.21369351887765561 -0.062632056865405114 0.79382530020496245 0.56590962016650226 -1.0806779960850863 -2.1996734381997101 2.8466043143681654 1 CAMERA 82 82
83 83 0.23393170890345572 -0.061005737168253187 0.79090845508406671 0.56215484635338842 -1.0646500155536067 -2.1624329756820675 2.8012787058639872 1 CAMERA 83 83
84 84 0.25279974814949174 -0.059048413959893901 0.78763918766649432 0.55877552039834322 -1.004780918117363 -2.1196596146349043 2.7157711161352398 1 CAMERA 84 84
85 85 0.27400906560022076 -0.057509292491194214 0.7835907532644667 0.55461450093238795 -0.99390627381403662 -2.0488171245594984 2.7112125664614153 1 CAMERA 85 85
86 86 0.29879562510799906 -0.053983641942497412 0.77859787378142442 0.54917419072821472 -1.0559990307279341 -1.9946518228269279 2.6920825089479705 1 CAMERA 86 86
87 87 0.32390226819456369 -0.054026270439920435 0.77236177956599572 0.54371478205619705 -1.0366309555752165 -1.9776196711095635 2.696116003110995 1 CAMERA 87 87
88 88 0.34816255493137399 -0.054922070700534523 0.76478502910915003 0.53932389224300104 -0.96457925656205568 -1.9853367662522123 2.6785556614122235 1 CAMERA 88 88
89 89 0.37163261136280928 -0.053747351958596631 0.75752318733397184 0.53400285109770551 -0.91446033444282349 -1.9963862997010624 2.6340445254123694 1 CAMERA 89 89
90 90 0.39396138135056191 -0.053495950737554129 0.75063283062042419 0.52771485373619353 -0.88701918653845602 -1.9517504242854569 2.5737773437180334 1 CAMERA 90 90
91 91 0.41728173596434776 -0.053081705595567873 0.74241206670318927 0.52142363637942724 -0.83149585710103191 -1.9070803205739131 2.5164520576873279 1 CAMERA 91 91
92 92 0.44592134216906626 -0.047676950114062144 0.73216055080165798 0.51266167486537617 -0.88337736842094061 -1.8780572393911112 2.4804568725978386 1 CAMERA 92 92
93 93 0.4744886015023202 -0.047225028103961682 0.72085708606416377 0.50298650601784045 -0.92295417572420546 -1.8393830503502397 2.4997128523241652 1 CAMERA 93 93
94 94 0.50177405006100217 -0.048835376293097435 0.70849234645875736 0.49383854012931661 -0.85601731941787795 -1.8416504841255303 2.5164647798115656 1 CAMERA 94 94
95 95 0.52827018813266025 -0.052231318094719432 0.69523173667020677 0.48461874712695574 -0.78542832668389162 -1.8747033165898686 2.5990866594988868 1 CAMERA 95 95
96 96 0.55124570274972196 -0.054937281455828171 0.68275699693338265 0.47639579494860923 -0.78007386209642349 -1.8971065153358657 2.6234041818441263 1 CAMERA 96 96
97 97 0.56989726468466662 -0.055642116153588855 0.67363806694736938 0.46726097351939955 -0.75832208362452536 -1.8767431771348133 2.635208600793407 1 CAMERA 97 97
98 98 0.58568107729296681 -0.054584132274396145 0.66587614498361747 0.45891960924170327 -0.70354312777680095 -1.8370102992911237 2.5781668434306155 1 CAMERA 98 98
99 99 0.60191228688032561 -0.054021436518630978 0.65656812665842024 0.45133311240724716 -0.71254380523702088 -1.8002337677650586 2.5500384699479275 1 CAMERA 99 99
100 100 0.61813329775461745 -0.053583365278212891 0.64627869620829892 0.444256565511152 -0.73742713225087786 -1.7958150392737426 2.539689789614596 1 CAMERA 100 100
101 101 0.63500507351108515 -0.052780619816890008 0.63519576859429605 0.43647347954581156 -0.73150587168839132 -1.8135004255040765 2.5993610102385065 1 CAMERA 101 101
102 102 0.65300378547025151 -0.052147556817700912 0.62357117478745394 0.42664467470444439 -0.71661485697050653 -1.8536657250814761 2.6833939083921101 1 CAMERA 102 102
103 103 0.66992870936800109 -0.052439616653676656 0.61187627889235763 0.41719663265489293 -0.7123086429752048 -1.9079706478993745 2.8127529990796667 1 CAMERA 103 103
104 104 0.68394675621824963 -0.052033491140321485 0.6019196590168685 0.40890350273298121 -0.69266785117517415 -1.9602417085528649 2.9105540796289184 1 CAMERA 104 104
105 105 0.69530837149164415 -0.050108298815954029 0.59493446113949344 0.40011050207670062 -0.65433426477994938 -2.006783037124245 2.9634054946630961 1 CAMERA 105 105
106 106 0.70637143137896929 -0.047626485484073541 0.58722308491070396 0.39235209615856204 -0.57803506001699012 -2.0270106165460846 2.984812594556717 1 CAMERA 106 106
107 107 0.72025994853147457 -0.042755696992199943 0.57626710443088347 0.38381477468564756 -0.56732684722631332 -2.0581245579838234 3.0198737368546902 1 CAMERA 107 107
108 108 0.73783581710785207 -0.037038650902885883 0.56193678673481173 0.37209339290860455 -0.65390257599935575 -2.0420575972382777 3.0422487571057659 1 CAMERA 108 108
109 109 0.75538686648406239 -0.035837902037666847 0.54543090868462352 0.36140206221380877 -0.65690001262176911 -2.0460010755849809 3.0684372475144417 1 CAMERA 109 109
110 110 0.77160364167506035 -0.036688623430861336 0.52945668959507097 0.35065278967600183 -0.55631263415953414 -2.1120822292196948 3.1265460754718308 1 CAMERA 110 110
111 111 0.78596200951175443 -0.0358753807281861 0.51507004942058587 0.34011692232484991 -0.53433684796343583 -2.1427172923012066 3.1711142437012061 1 CAMERA 111 111
112 112 0.79834768632889053 -0.034956624606553778 0.50231476248598494 0.33030120423345816 -0.48455513807893402 -2.1238124286121973 3.1500899742003141 1 CAMERA 112 112
113 113 0.80995866941972794 -0.035040435623609562 0.49022386130499995 0.32003076025649163 -0.41167673633121027 -2.0989115158746561 3.1506188806883459 1 CAMERA 113 113
114 114 0.82373856725112649 -0.032719334294143844 0.47578727725731196 0.30661161880542526 -0.38733247557483153 -2.0613613051382522 3.1223054043922138 1 CAMERA 114 114
115 115 0.83807519675850162 -0.031748032320320738 0.45945110431154323 0.29244949951896004 -0.36362059431907329 -2.0308728518552872 3.1354975043337814 1 CAMERA 115 115
116 116 0.85149925751827671 -0.03113678772076104 0.44238148671680189 0.27978229948745503 -0.30162637751424687 -2.0538694738481102 3.1497592676531005 1 CAMERA 116 116
117 117 0.86323762622272704 -0.029804524171950862 0.42638668499709176 0.26856449108068231 -0.23905212860505154 -2.0964382927978167 3.1346481523379657 1 CAMERA 117 117
118 118 0.87270296662875813 -0.028617119222263988 0.41304254812757973 0.25877875871303541 -0.19126216229867768 -2.1090495378650469 3.1491477929948575 1 CAMERA 118 118
119 119 0.8802083790639581 -0.027926540080144027 0.40295826353873848 0.24915448145798308 -0.13395621664954771 -2.064022907977177 3.0645546626558606 1 CAMERA 119 119
120 120 0.88777956367300803 -0.028402139768665218 0.39082328093564422 0.24144963835098862 -0.018530399921423957 -1.9827654624316773 3.0064745198131861 1 CAMERA 120 120
121 121 0.89732592209056661 -0.027084540110314959 0.37464018851980574 0.23177002907445055 0.042432189667667805 -1.9695456902780324 2.9823339917423226 1 CAMERA 121 121
122 122 0.90869639264709812 -0.025916567278764069 0.35422347827247508 0.21937393867819766 0.075554811803426339 -1.9626065982022669 2.9745289482891053 1 CAMERA 122 122
123 123 0.91999787373842534 -0.026674404035140278 0.33230196815709379 0.20607714682872574 0.20320207177310051 -1.9623562092619555 3.0135690576387333 1 CAMERA 123 123
124 124 0.93145371354760431 -0.025288026550375698 0.31059853047434927 0.18783782392995246 0.2826485582956117 -1.9890948524397165 3.0418140683803485 1 CAMERA 124 124
125 125 0.94104338264005449 -0.025297551166038133 0.29015232122675011 0.17207270667103025 0.34541033453223469 -1.9553250183984778 2.9837150955401159 1 CAMERA 125 125
126 126 0.94880429549655698 -0.025909968198634312 0.27208035691009375 0.15833938795796865 0.43055732795213109 -1.8615569020623515 2.878789754933639 1 CAMERA 126 126
127 127 0.95687350747747257 -0.025094016786609222 0.25261907375120984 0.1412337940662696 0.43369921331310107 -1.7910746220827996 2.8411889970347319 1 CAMERA 127 127
128 128 0.96407875901974671 -0.024151249089480034 0.23256407302501547 0.12602704278200988 0.43560674066806221 -1.7401592310556238 2.7556679388666878 1 CAMERA 128 128
129 129 0.97084631829394996 -0.022854550692764573 0.21144954287461901 0.1105630434902601 0.55108156303763656 -1.6934192132077048 2.6946414205220979 1 CAMERA 129 129
130 130 0.97742705616131154 -0.020053357255261608 0.18748386536716932 0.09531008851958124 0.59488789164252032 -1.6727088735116817 2.5682111656596653 1 CAMERA 130 130
131 131 0.98290868013306842 -0.018217187409831987 0.16393531053572233 0.081754966586139163 0.52919926183522514 -1.6053347222033523 2.4366238382207297 1 CAMERA 131 131
132 132 0.98630751435576236 -0.015027823615014171 0.148433333333403 0.070279422296207317 0.58616051077468034 -1.5061325096477196 2.2669309663935082 1 CAMERA 132 132
133 133 0.98886428825861328 -0.0086255013852540221 0.13527763059315914 0.061424610651920064 0.62813674807909659 -1.4382504028822141 2.1542880551269201 1 CAMERA 133 133
134 134 0.99086439912608792 -0.0024306701166725638 0.12368463109276609 0.05370238745835243 0.63723110597354882 -1.4317972923873943 2.1079565897396622 1 CAMERA 134 134
135 135 0.99257086113531612 0.0023930354759570949 0.11202074783643752 0.047420576340584421 0.68982196123370365 -1.4148013939971054 2.0700770337653185 1 CAMERA 135 135
